1 0
1 0
1 0
1 0
2 5
2 4
2 4
2 8
2 2
3 0
3 2
3 0
3 9
4 10
4 3
4 6
4 8
5 0
5 14
5 9
5 0
6 3
6 5
6 7
6 1
7 19
7 0
7 6
7 5
7 12
8 5
8 4
8 10
8 12
9 6
9 11
9 11
9 10
10 5
10 25
10 3
10 12
11 12
11 13
11 15
11 15
12 8
12 14
12 9
12 21
13 6
13 14
13 12
13 17
14 11
14 21
14 10
14 14
15 19
15 17
15 20
15 12
16 17
16 20
16 16
16 19
17 19
17 28
17 14
17 15
18 24
18 17
18 17
18 22
19 24
19 23
19 9
19 29
20 28
20 14
20 17
20 19
21 21
21 11
21 21
21 24
22 20
22 15
22 26
22 31
23 32
23 24
23 28
23 20
24 30
24 26
24 20
24 36
28 19
28 27
28 18
28 26
33 26
33 36
33 28
33 24
38 42
38 36
38 26
38 35